/* ************************************************************************** */
/*                                                                            */
/*                                                        :::      ::::::::   */
/*   push_swap                                          :+:      :+:    :+:   */
/*                                                    +:+ +:+         +:+     */
/*   By: amenses- <amenses-@student.42.fr>          +#+  +:+       +#+        */
/*                                                +#+#+#+#+#+   +#+           */
/*   Created: 2023/02/07 01:04:43 by amenses-          #+#    #+#             */
/*   Updated: 2023/02/07 01:26:29 by amenses-         ###   ########.fr       */
/*                                                                            */
/* ************************************************************************** */

LINKS
https://thimbleby.gitlab.io/algorithm-wiki-site/wiki/stack/
https://numbergenerator.org/

OPS
[+]sa: swap first 2 in a
[+]sb: swap first 2 in b
[+]ss: sa and sb
[+]pa: move first in b to top of a
[+]pb: move first in a to top of b
[+]ra: shift a up by 1 (first becomes last)
[+]rb: shift b up by 1 (first becomes last)
[+]rr: ra and rb
[+]rra: reverse ra (shift down, last becomes first)
[+]rrb: reverse rb (shift up, first becomes last)
[+]rrr: rra and rrb

INPUT
-argument: the stack (one input)
-a list of integers (only!) with the first argument at the top of the stack, with no duplicates
	.[+]integers only
	.[+]integer limits (INT_MIN - INT_MAX)
	.[+]duplicates

OUTPUT
-list of rules/instructions applied, each followed by a '\n'
-if no parameters > no output
-Error\n: 
	.[+]arguments not integers only
	.[+]arguments out of the integer limits (INT_MIN - INT_MAX)
	.[+]duplicates
	
-245 -157 -415 159 183 432 284 -200 -380 -490 -128 -197 -299 49 -209 206 126 172 -472 269 -120 -329 488 423 -324 

-255 71 344 425 -226 -194 147 232 -384 -334 -461 -127 228 -381 380 -184 -366 58 448 477 -218 188 115 6 -337

FAIL

-456 -188 -467 -275 -52 -199 -267 -375 -287 -33 -428 -276 -6 -341 -240 -123 -67 -328 -157 -316 -303 -460 -99 -379 -7 -322 -251 -430 -29 -491 -297 -345 -56 -409 -113 -18 -17 -191 -83 -416 -124 -292 -307 -55 -244 -477 -434 -214 -366 -273 -419 -111 -141 -228 -262 -226 -69 -455 -352 -106 -73 -310 -299 -281 -311 -79 -26 -326 -363 -211 -324 -433 -425 -35 -364 -60 -373 -330 -405 -133 -14 -461 -463 -114 -286 -337 -401 -110 -115 -54 -85 -377 -348 -243 -151 -65 -487 -435 -441 -165 -204 -279 -9 -36 -253 -343 -200 -320 -125 -94 -207 -224 -212 -392 -394 -470 -261 -296 -329 -247 -397 -159 -219 -39 -164 -21 -246 -372 -222 -22 -90 -386 -349 -10 -446 -202 -239 -391 -395 -116 -426 -298 -95 -351 -449 -365 -175 -458 -140 -129 -49 -185 -339 -40 -242 -96 -210 -201 -439 -24 -62 -368 -41 -421 -444 -156 -249 -27 -78 -20 -323 -494 -34 -217 -288 -8 -117 -493 -452 -442 -274 -389 -120 -28 -374 -145 -476 -383 -221 -462 -42 -63 -233 -223 -359 -64 -496 -12 -270 -121 -46 -360 -100 -182 -173 -418 -259 -198 -229 -302 -417 -135 -362 -285 -186 -91 -74 -86 -495 -155 -429 -45 -340 -464 -308 -413 -75 -250 -473 -87 -301 -104 -357 -160 -499 -331 -2 -206 -181 -230 -162 -412 -427 -235 -137 -3 -398 -216 -358 -144 -53 -139 -143 -4 -163 -30 -466 -489 -414 -327 -454 -208 -309 -319 -376 -234 -266 -57 -443 -213 -152 -335 -271 -400 -268 -13 -108 -71 -399 -448 -304 -469 -148 -196 -146 -50 -411 -280 -51 -378 -334 -122 -436 -390 -289 -19 -80 -269 -138 -317 -283 -482 -241 -371 -472 -184 -189 -59 -93 -237 -396 -342 -238 -256 -404 -361 -313 -356 -420 -321 -44 -194 -227 -408 -369 -48 -403 -131 -102 -150 -370 -333 -440 -43 -5 -128 -306 -406 0 -483 -15 -97 -257 -118 -385 -158 -119 -272 -180 -107 -254 -490 -98 -451 -258 -350 -410 -105 -176 -432 -474 -248 -82 -305 -312 -167 -468 -178 -126 -171 -203 -407 -11 -220 -225 -252 -170 -295 -367 -88 -480 -255 -179 -459 -197 -423 -101 -32 -72 -347 -471 -278 -183 -142 -147 -192 -492 -393 -174 -245 -112 -38 -453 -92 -1 -382 -445 -438 -353 -265 -497 -431 -485 -61 -457 -127 -76 -486 -161 -294 -381 -215 -31 -424 -291 -336 -172 -300 -16 -260 -450 -437 -479 -47 -277 -66 -380 -498 -264 -231 -500 -475 -89 -293 -209 -284 -81 -168 -23 -232 -70 -354 -318 -58 -25 -136 -314 -193 -355 -387 -166 -422 -134 -177 -447 -103 -68 -384 -484 -190 -169 -325 -263 -478 -84 -338 -465 -149 -344 -290 -315 -77 -415 -346 -153 -218 -187 -132 -37 -332 -488 -109 -130 -236 -282 -481 -402 -154 -388 -195
